[-32.510932, 115.716409], 1
[-32.481007, 115.729256], 1
[-32.454685, 115.732926], 1
[-32.431454, 115.732926], 1
[-32.403052, 115.721303], 1
[-32.378773, 115.706010], 1
[-32.355006, 115.717021], 1
[-32.327096, 115.717633], 1
[-32.262976, 115.713963], 1
[-32.253147, 115.735985], 1
[-32.230487, 115.742393], 1
[-32.211925, 115.749610], 1
[-32.193359, 115.760004], 1
[-32.170391, 115.757983], 1
[-32.154016, 115.755673], 1
[-32.121503, 115.752209], 1
[-32.099984, 115.749610], 1
[-32.086287, 115.744125], 1
[-32.068674, 115.735464], 1
[-32.056931, 115.726515], 1
[-32.032215, 115.739217], 1
[-32.014102, 115.743259], 1
[-31.993047, 115.742682], 1
[-31.973947, 115.744703], 1
[-31.954843, 115.745569], 1
[-31.936470, 115.746435], 1
[-31.917358, 115.747878], 1
[-31.897752, 115.747012], 1
[-31.875690, 115.744991], 1
[-31.858036, 115.742970], 1
[-31.840625, 115.739217], 1
[-31.818059, 115.725360], 1
[-31.793524, 115.722184], 1
[-31.774628, 115.722473], 1
[-31.755237, 115.715255], 1
[-31.738542, 115.708326], 1
[-31.719144, 115.698222], 1
[-31.698513, 115.690427], 1
[-31.676158, 115.682921], 1
[-31.651831, 115.668486], 1
