[-31.941040, 115.837675],1
[-32.1331214, 116.01998967299593],2
[-32.030347, 115.810715],3
[-31.968597, 115.816187],4
[-31.987760, 115.778657],5
[-31.950632, 115.844976],6
[-31.942948, 115.827608],7
[-32.0695563, 115.84766461278814],8
[-32.05746825, 115.75336708071367],9
[-31.834273, 115.784125],10
[-31.9626627, 115.78890549383706],11
[-31.96889905, 115.80948202762384],12
[-32.222346, 115.687326],13
[-31.738436450000002, 115.77235989116117],14
[-31.949751, 115.818100],15
[-31.936904, 115.884609],16
[-31.89578585, 116.0064030541972],17
[-31.95796365, 115.84563559966458],18
[-31.9345392, 115.87433899332527],19
[-31.88763085, 115.8039053835443],20
[-32.532451249999994, 115.7637818683295],21
[-32.3105585, 115.7630118],22
[-31.953232049999997, 115.86593154993494],23
[-31.955469049999998, 115.80315351230655],24
[-31.96736655, 115.81570850481455],25
[-31.997404250000002, 115.8725372894501],26
[-32.06804095, 115.84484255969707],27
[-31.9418919, 115.82513440957732],28