[-31.829568199999997, 115.87019710715342],	1
[-31.6151987, 115.6874428],	2
[-31.62508735, 115.67846143344323],	3
[-31.745616650000002, 116.0087700596641],	4
[-31.8966542, 115.93736866150118],	5
[-32.0109508, 115.83969524964127],	6
[-31.7714856, 115.96267356399677],	7
[-32.026658499999996, 115.8351848243766],	8
[55.897207050000006, -3.7047858551161728],	9
[-32.0869294, 115.98419334568842],	10
[-31.808937399999998, 115.8430034],	11
[-31.91550625, 115.94085646745091],	12
[-32.1391232, 115.9125340821956],	13
[-32.02610895, 115.8029353462295],	14
[-32.1353919, 115.867790834486],	15
[-32.17300845, 115.86207786616876],	16
[51.5001066, 0.2561792],	17
[51.49806015, 0.2606506810737112],	18
[-31.88134495, 115.82769918018595],	19
[-32.307212750000005, 115.81727162322468],	20
[-32.30177635, 115.81031265123258],	21
[-31.860471699999998, 115.84486792190607],	22
[-31.83578575, 115.89186531586245],	23
[-31.798346700000003, 115.76143494979713],	24
[-32.0717545, 115.87546560840346],	25
[-32.03979045, 115.92855229652116],	26
[-31.90750755, 115.95345866447533],	27
[-32.05037495, 115.84508375696329],	28
[-31.9208527, 115.9116372330027],	29
[-32.06905175, 115.75934105068478],	30
[-37.98525815, 145.03666998927093],	31
[-32.0242104, 115.957758664075],	32
[-31.8676427, 115.93570991820141],	33
[-32.1333078, 115.819494766093],	34
[-31.77439265, 115.75742839841897],	35
[-31.9507712, 115.946667630804],	36
[-38.1705101, 144.3412569],	37
[51.19237085, -0.8743986658465276],	38
[-32.24670385, 115.84291213807217],	39
[-32.0939159, 115.83920340467213],	40
[-32.032635299999995, 115.78653997488419],	41
[51.6945056, 0.3149299947057021],	42
[-32.10241915, 115.9475093586328],	43
[-31.92397775, 115.82328066590452],	44
[-32.03556435, 115.8264542035593],	45
[-31.8573956, 115.87333987815589],	46
[-32.04709965, 115.99618041665713],	47
[-32.04147415, 115.8476146785511],	48
[-32.036705999999995, 115.93904879509961],	49
[-32.060672, 115.86092775621007],	50
[-32.290902349999996, 115.73832695872585],	51
[-32.059393299999996, 115.88081732659438],	52
[-31.6461787, 115.70243366700899],	53
[-32.2160061, 116.01467],	54
[-32.07528125, 115.93306468914135],	55
[-32.24537355, 115.81062956884483],	56
[-31.8774854, 115.89107215844737],	57
[-35.2901141, 149.1563413336802],	58
[-32.07609395, 115.91285990210477],	59
[-32.051157599999996, 115.80427145684928],	60
[-31.85146785, 115.77320820801512],	61
[39.59040765, -84.32288685792838],	62
[-31.814532999999997, 115.87242995553396],	63
[-31.71107405, 115.78602951139399],	64
[51.473575049999994, -0.9753850769704322],	65
[44.5051319, -114.23137],	66
[-32.316794200000004, 115.75073847793715],	67
[-31.857227, 116.26924697581539],	68
[-31.9263099, 115.79470919420194],	69
[-31.9352892, 115.76517031562533],	70
[-31.677492450000003, 115.71826394252847],	71
[-31.9053435, 116.0407415],	72
[36.8308595, -104.4885994],	73
[-31.959992649999997, 115.93559228849087],	74
[-31.9913262, 115.87249672503731],	75
[-32.4110762, 115.76937953409035],	76
[-31.9971131, 115.86136421970865],	77
[-31.7472494, 115.75721955796452],	78
[-32.127240349999994, 115.77150991352761],	79
[-32.08211625, 115.80883064950832],	80
[-32.298041850000004, 115.7546298172978],	81
[-31.91382555, 115.85918249084162],	82
[-32.002295149999995, 115.76133049190122],	83
[-31.790111699999997, 115.76017550454873],	84
[-31.8039944, 115.78864582763977],	85
[-31.733482950000003, 115.74904143402628],	86
[-32.00701895, 115.87383896035902],	87
[-31.996473899999998, 115.79785670254091],	88
[51.443560149999996, -0.04341525663901122],	89
[-31.9202059, 116.0785262],	90
[-31.8408152, 115.78752018307297],	91
[-31.97806585, 115.9998968969146],	92
[-31.8836817, 115.76658660701463],	93
[-31.8941978, 115.8714367],	94
[-31.88273065, 115.86620139712502],	95
[-31.899023749999998, 115.77766761385664],	96
[-31.855256500000003, 115.8623772484176],	97
[-31.832084899999998, 115.77068110587172],	98
[-31.871947499999997, 115.9508929741092],	99
[-31.6436123, 115.71177706014765],	100
[-32.04813205, 115.75907693041147],	101
[-31.848294, 115.81831614936198],	102
[-32.07744965, 115.78923250582777],	103
[-32.032080199999996, 115.97991471101362],	104
[-32.0554858, 116.00409872024605],	105
[-31.9788188, 115.90807031948579],	106
[-32.304127449999996, 115.7605712719218],	107
[-31.7518278, 115.79968423205398],	108
[-31.76694885, 115.76909483971426],	109
[-31.89301895, 115.94567876416833],	110
[-31.762894950000003, 115.78022327311679],	111
[-31.9471401, 116.00707054602961],	112
[-31.77023575, 115.97501192695871],	113
[53.5098543, -2.4086663560633585],	114
[-31.9018838, 115.90990300330702],	115
[51.2290203, -1.4648502565362447],	116
[17.994982, -76.7707529],	117
[-31.99214025, 116.04708296170885],	118
[-31.9367714, 115.79114005060693],	119
[-32.07608465, 115.94996188703104],	120
[-32.1532526, 115.9488524],	121
[-31.9917819, 116.0088901680539],	122
[-32.0587474, 115.75344999629743],	123
[-31.9858933, 115.78255609856384],	124
[-32.0080333, 115.95402630489542],	125
[-31.80563, 116.18503],	126
[-31.8418128, 115.8402759],	127
[-31.9077456, 116.1027118],	128
[-31.8487224, 115.80758788175025],	129
[-31.82750295, 115.78224555655837],	130
[-32.423231599999994, 115.76018819560869],	131
[-31.81484885, 115.80132098903717],	132
[-31.956476950000003, 116.05592222756835],	133
[-32.0673135, 115.99773042056074],	134
[33.811274499999996, -117.92054319249411],	135
[53.6274661, -2.3401609173273745],	136
[-31.82879045, 115.8087032317764],	137
[51.39386055, -0.40676147996699563],	138
[-31.902416199999998, 115.96789062592701],	139
[-32.161796949999996, 115.99915605860647],	140
[-31.8075832, 115.80141113887575],	141
[-32.16748115, 115.84348491084108],	142
[-38.03134665, 145.25272966971795],	143
[54.61489415, -5.982322624487808],	144
[-32.12543325, 115.93827317104072],	145
[-31.84037795, 115.79756513198308],	146
[-31.760400599999997, 115.76059292856205],	147
[-31.9246139, 116.0489598],	148
[-38.1286544, 144.33217888960797],	149
[-31.9410922, 116.0021680929284],	150
[51.5793105, -0.15511065871159235],	151
[-31.81316235, 115.75259184530489],	152
[52.6053796, 0.39233945369035417],	153
[-32.2835956, 115.76337665706119],	154
[57.464023049999994, -4.209419653216366],	155
[-31.7697813, 115.81689908643324],	156
[52.403057000000004, -1.8786320081228958],	157
[-32.1970256, 115.86145453856966],	158
[-37.9110567, 145.1025037724831],	159
[-31.8294378, 115.88167629221562],	160
[-31.9169416, 115.88612108864638],	161
[-32.138742050000005, 115.84585158720893],	162
[-32.3386173, 116.0620701],	163
[-31.63220535, 115.69408554529542],	164
[-31.94878435, 115.8086127014706],	165
[-31.72406335, 115.76159859456808],	166
[-31.9707213, 116.05109067408989],	167
[-31.92522795, 115.7629046161534],	168
[-32.06264045, 115.82371995857748],	169
[-31.86986675, 115.77627838452665],	170
[51.6897332, -1.6398141],	171
[-37.7927031, 144.927068123932],	172
[-31.976267999999997, 115.94390307770972],	173
[52.2576475, -0.8766444675279402],	174
[56.2053218, -3.42769903024583],	175
[-31.8382595, 115.86245341105794],	176
[-32.3426599, 115.7653360901875],	177
[23.62768985, 91.51552840113922],	178
[-31.87217095, 115.79827274390766],	179
[-31.924052, 115.8213762761321],	180
[-31.80361555, 115.86265028308017],	181
[-31.96947265, 115.90878782720924],	182
[-32.260740999999996, 115.80490229692751],	183
[-32.075847249999995, 115.86282999311351],	184
[-32.00433889999999, 116.04525755230769],	185
[-31.88283075, 115.95150978402813],	186
[46.2164021, -72.1389998],	187
[-31.8064379, 115.82900857249676],	188
[-31.9494464, 116.02341151934365],	189
[-31.7577348, 115.98005030317509],	190
[33.69788595, -80.21491494677869],	191
[-31.8282612, 115.82734607217442],	192
[-31.8445634, 115.75908665239191],	193
[-32.21238255, 116.0055436551701],	194
[-31.9326862, 115.9047654770713],	195
[-32.2360434, 115.8038057332588],	196
[-37.8140092, 175.28402149211573],	197
[-31.66848955, 115.7128234497942],	198
[-31.86782235, 116.03680435260827],	199
[-31.88717915, 116.0195625532159],	200
[-31.99744185, 115.90165724028904],	201
[-31.6871048, 115.7094108085187],	202
[52.968317, -1.4136851418295309],	203
[-32.0115058, 115.7628888950656],	204
[-31.9681089, 115.78269769275862],	205
[-31.91838705, 115.83549154535947],	206
[-31.8743524, 116.2202282],	207
[-31.92571675, 115.87642104763404],	208
[52.4734885, -2.1130547610984918],	209
[-31.7766701, 115.73704178090895],	210
[-31.777847, 115.74855031696134],	211
[-31.8949896, 116.17296746776226],	212
[-32.2958316, 115.9851981],	213
[-31.984798650000002, 115.81284060297162],	214
[-31.70798295, 115.75191835167551],	215
[-32.151835, 115.99997092888162],	216
[-38.189459549999995, 146.29293901344727],	217
[51.4820419, -3.693748418552631],	218
[-31.88407485, 115.83969972601601],	219
[-31.8776416, 115.90775920436222],	220
[-31.85196485, 115.83418099675318],	221
[-31.85989425, 115.76083385128325],	222
[-31.989154499999998, 115.76504802385443],	223
[-32.0345678, 115.75683961737136],	224
[52.968317, -1.4136851418295309],	225
[-32.23650835, 115.83579815066747],	226
[-31.93028665, 115.85590466803737],	227
[-31.784362899999998, 115.78848627429875],	228
[51.8689315, -0.41569238673854314],	229
[-32.05986335, 115.8686235585817],	230
[-31.76500205, 115.73940489686316],	231
[27.9526079, -97.9371464001072],	232
[-32.235443700000005, 115.81488554575586],	233
[52.5270821, -1.8382420550543634],	234
[-31.8052004, 115.76089439426477],	235
[43.0624397, -77.23273409820317],	236
[38.763952, -96.66165367939406],	237
[-32.04254795, 115.9143996259067],	238
[51.5729495, 0.4290201554803901],	239
[-32.126697899999996, 115.91681045743368],	240
[-32.03489515, 116.13118445010967],	241
[-32.35846565, 115.75563405050198],	242
[-31.760968300000002, 115.7511811839947],	243
[-31.8418612, 115.77445519325344],	244
[51.5274491, -0.20826930717426967],	245
[-31.65798315, 115.69502980335372],	246
[-31.673546549999998, 115.70292723206272],	247
[-32.09424045, 115.91106441940573],	248
[-31.82778295, 115.84474145312288],	249
[-31.9352015, 115.94476012202591],	250
[-37.82974365, 144.99959578492627],	251
[-32.335495550000005, 115.83053947235055],	252
[-46.352329499999996, 168.01960857761438],	253
[-32.282811249999995, 115.72178304777935],	254
[-32.3574984, 115.76799767339764],	255
[-31.961384199999998, 115.81577190152902],	256
[-31.840613750000003, 115.85256281430708],	257
[-32.04007195, 115.86632555294202],	258
[-32.05060625, 115.89800120831363],	259
[-32.2988383, 115.71461659231787],	260
[-32.072294, 115.80258385828097],	261
[-31.9016738, 116.2032761],	262
[-31.897092100000002, 115.76707988664904],	263
[-32.089496999999994, 115.99668549804693],	264
[-32.40496765, 115.75870912579013],	265
[-32.3655528, 115.98130679663004],	266
[-32.3434576, 115.80091956555724],	267
[-32.03280785, 115.88507094187916],	268
[-32.4399041, 115.75793157684004],	269
[-31.68532265, 115.72783083696118],	270
[-31.83132825, 115.7607988797005],	271
[-31.85020295, 115.90998052259903],	272
[-32.1297088, 115.79736569434527],	273
[-32.1063196, 115.83433847017783],	274
[-31.812126550000002, 115.7643466460922],	275
[-31.9812492, 115.85938982746296],	276
[-32.06673495, 115.95808433083582],	277
[-32.0994518, 115.95953855806249],	278
[50.53209405, -2.448785385487837],	279
[-32.10147955, 115.78661092474613],	280
[32.5604288, -94.78853124850238],	281
[51.75326685, 0.49492087393577244],	282
[-31.951426599999998, 115.82225463129751],	283
[-32.1526852, 115.84952805206936],	284
[-31.8933112, 115.86421486488946],	285
[-31.886812550000002, 116.04950807947108],	286
[-31.9722927, 115.77039191907227],	287
[-31.86892845, 115.82169187140599],	288
[-31.71527585, 115.79220507299314],	289
[-32.05334085, 115.96607568297412],	290
[-31.95913265, 115.92017584783022],	291
[-31.901337650000002, 115.84079654437105],	292
[-31.4892568, 115.59107962832175],	293
[-31.78677665, 116.0250553213175],	294
[-31.971504699999997, 115.89207432085756],	295
[-31.8442662, 115.86820798554076],	296
[-32.31917305, 115.76230177024242],	297
[-31.9990978, 116.07024054117201],	298
[-31.7518278, 115.79968423205398],	299
[-32.335166400000006, 115.75508445996891],	300
[-31.85453245, 115.8456046344291],	301
[-31.9970919, 115.98365078773907],	302
[40.5632344, -104.4835287],	303
[-21.07549, 117.38503],	304
[51.56111945, -0.29413163917269475],	305
[-31.91059945, 115.77058353130008],	306
[-31.87294365, 115.8087958428813],	307
[-31.8694608, 115.92789347749769],	308
[-31.825503949999998, 115.79081882176034],	309
[-31.939475299999998, 115.83271350220795],	310
[-32.07015855, 115.85515529610765],	311
[-31.89051355, 115.88634779725457],	312
[-32.110244550000004, 116.00544723665703],	313
[-31.870232950000002, 115.83878816603942],	314
[-32.059195200000005, 115.76503857258194],	315
[-32.142493849999994, 115.98375845531625],	316
[-32.049188150000006, 115.88269190397227],	317
[-32.01773405, 115.91167049671014],	318
[-32.07213555, 115.77091733712473],	319
[-32.054632749999996, 115.83289333967905],	320
[-32.07494935, 115.97916645366331],	321
[-31.893026749999997, 115.99689696098247],	322
[54.8832241, -6.2666047],	323
[53.56231915, -1.1961974038300327],	324
[-31.984318000000002, 116.00412052269662],	325
[-31.794415649999998, 115.79375357729654],	326
[-31.808783, 116.31444853182802],	327
[-32.05058015, 115.95137866140138],	328
[-31.54363975, 115.63183299270679],	329
[-31.5522401, 115.63539110034213],	330
[-32.1196022, 115.81965601834143],	331
[-31.9008149, 115.8590678688174],	332
[-31.89225535, 115.78998682194705],	333

	